anger: 0.226879180328
disgust: 0.211085836066
fear: 0.162390065574
joy: 0.137065540984
sadness: 0.279509868852
analytical: 0.235205639344
confident: 0.063270295082
tentative: 0.23759895082
openness: 0.370622622951
conscientiousness: 0.401137409836
extraversion: 0.474967770492
agreeableness: 0.476889540984
emotional_range: 0.508297032787
